[0m[38;2;0;0;0m                              [0m
[0m[38;2;0;0;0m                              [0m
[0m[38;2;0;0;0m                              [0m
[0m[38;2;0;0;0m                              [0m
[0m[38;2;0;0;0m    [38;2;14;15;16m [38;2;37;41;42m.[38;2;42;47;48m.[38;2;44;48;50m.[38;2;45;50;51m.[38;2;46;51;53m.[38;2;47;52;54m.[38;2;47;53;55m.[38;2;48;53;55m.[38;2;48;54;55m.[38;2;48;54;55m.[38;2;48;53;55m.[38;2;48;53;55m.[38;2;47;53;54m.[38;2;47;52;54m.[38;2;46;51;53m.[38;2;56;61;63m.[38;2;72;76;78m'[38;2;50;54;56m.[38;2;60;64;65m.[38;2;61;65;66m'[38;2;37;40;41m.[38;2;2;2;2m [38;2;0;0;0m   [0m
[0m[38;2;0;0;0m   [38;2;4;4;4m [38;2;51;57;59m.[38;2;53;59;61m..[38;2;52;57;59m.[38;2;44;49;51m.[38;2;42;47;49m.[38;2;40;45;47m.[38;2;40;44;46m.[38;2;39;44;46m.[38;2;39;44;46m.[38;2;39;44;46m.[38;2;39;44;46m.[38;2;39;44;46m.[38;2;40;44;46m.[38;2;40;45;47m.[38;2;41;46;48m.[38;2;42;47;49m.[38;2;52;57;58m.[38;2;53;58;60m.[38;2;74;80;82m,[38;2;85;91;93m;[38;2;90;96;98m;[38;2;26;29;30m [38;2;0;0;0m   [0m
[0m[38;2;0;0;0m   [38;2;8;9;9m [38;2;53;59;61m.[38;2;53;59;61m..[38;2;7;8;8m [38;2;5;5;5m [38;2;5;5;5m [38;2;5;5;5m [38;2;5;5;5m [38;2;4;4;4m [38;2;4;4;4m [38;2;4;4;4m [38;2;4;4;4m [38;2;4;4;4m [38;2;4;4;4m [38;2;5;5;5m [38;2;5;5;5m [38;2;6;6;6m [38;2;6;6;6m [38;2;7;7;7m [38;2;23;25;26m [38;2;53;59;61m.[38;2;53;59;61m.[38;2;46;52;53m.[38;2;0;0;0m [38;2;0;0;0m  [0m
[0m[38;2;0;0;0m   [38;2;16;18;18m [38;2;53;59;61m.[38;2;53;59;61m.[38;2;53;59;61m.[38;2;7;7;7m [38;2;0;0;0m     [38;2;2;1;1m [38;2;14;8;4m [38;2;21;16;14m [38;2;6;3;2m [38;2;0;0;0m [38;2;0;0;0m     [38;2;10;12;12m [38;2;53;59;61m.[38;2;53;59;61m.[38;2;53;59;61m.[38;2;2;2;2m [38;2;0;0;0m  [0m
[0m[38;2;0;0;0m   [38;2;24;27;28m [38;2;53;59;61m.[38;2;53;59;61m.[38;2;48;53;55m.[38;2;0;0;0m [38;2;1;1;0m [38;2;54;29;16m.[38;2;106;57;32m'[38;2;152;82;46m:[38;2;187;100;56mc[38;2;209;112;63mo[38;2;168;99;63mc[38;2;124;86;65m;[38;2;213;114;64mo[38;2;197;105;59ml[38;2;170;91;51m:[38;2;134;72;40m,[38;2;93;50;28m.[38;2;39;21;12m [38;2;0;0;0m [38;2;4;4;5m [38;2;53;59;61m.[38;2;53;59;61m.[38;2;53;59;61m.[38;2;1;2;2m [38;2;0;0;0m  [0m
[0m[38;2;0;0;0m   [38;2;31;34;35m.[38;2;53;59;61m.[38;2;53;59;61m.[38;2;65;59;55m.[38;2;112;60;34m'[38;2;191;102;57ml[38;2;217;116;65mo[38;2;217;116;65moooo[38;2;144;92;64m:[38;2;105;84;69m;[38;2;217;116;65mooooo[38;2;217;116;65mo[38;2;175;94;53mc[38;2;98;57;36m'[38;2;57;60;60m.[38;2;53;59;61m.[38;2;53;59;61m.[38;2;1;2;2m [38;2;0;0;0m  [0m
[0m[38;2;0;0;0m   [38;2;28;31;32m [38;2;52;54;54m.[38;2;133;85;60m;[38;2;209;112;64mo[38;2;217;116;65mooooooo[38;2;143;93;65m:[38;2;105;82;66m;[38;2;217;116;65moooooooo[38;2;186;104;62ml[38;2;80;65;57m'[38;2;49;54;56m.[38;2;5;5;5m [38;2;0;0;0m  [0m
[0m[38;2;0;0;0m   [38;2;12;7;5m [38;2;173;94;55mc[38;2;217;116;65moo[38;2;215;115;65mo[38;2;211;127;84md[38;2;211;125;82md[38;2;215;115;65mo[38;2;217;116;65mooo[38;2;141;93;66m:[38;2;106;82;66m;[38;2;217;116;65mooo[38;2;217;116;65mo[38;2;210;122;78mo[38;2;213;133;92md[38;2;212;118;70mo[38;2;217;116;65mo[38;2;217;116;65mo[38;2;209;112;63mo[38;2;54;32;21m.[38;2;0;0;0m [38;2;0;0;0m  [0m
[0m[38;2;0;0;0m  [38;2;3;3;3m [38;2;175;94;53mc[38;2;217;116;65mo[38;2;217;116;65mo[38;2;210;148;116mx[38;2;199;188;184mO[38;2;135;136;142mo[38;2;128;130;135ml[38;2;168;157;152mx[38;2;210;126;84md[38;2;217;116;65moo[38;2;142;93;65m:[38;2;107;83;66m;[38;2;217;116;65moo[38;2;214;114;64mo[38;2;183;151;137mx[38;2;119;120;127mc[38;2;129;130;135ml[38;2;184;183;182mO[38;2;215;178;159mO[38;2;213;117;68mo[38;2;217;116;65mo[38;2;205;110;62ml[38;2;15;8;4m [38;2;0;0;0m  [0m
[0m[38;2;0;0;0m  [38;2;53;29;16m.[38;2;217;116;65mo[38;2;217;116;65mo[38;2;206;121;78mo[38;2;232;232;232mN[38;2;57;60;70m.[38;2;29;32;46m.[38;2;29;32;46m.[38;2;59;62;70m.[38;2;199;138;107md[38;2;217;116;65moo[38;2;131;78;51m;[38;2;89;60;45m'[38;2;217;116;65moo[38;2;204;115;70mo[38;2;102;105;112m:[38;2;29;32;46m.[38;2;29;32;46m.[38;2;55;58;67m.[38;2;207;207;208mK[38;2;210;159;133mk[38;2;217;116;65moo[38;2;143;77;43m;[38;2;0;0;0m  [0m
[0m[38;2;0;0;0m  [38;2;133;71;40m;[38;2;217;116;65moo[38;2;207;122;78mo[38;2;230;228;227mN[38;2;89;91;99m;[38;2;34;37;50m.[38;2;50;53;64m.[38;2;127;111;107mc[38;2;212;118;71mo[38;2;217;116;65moo[38;2;133;79;51m;[38;2;88;59;43m'[38;2;217;116;65moo[38;2;217;116;65mo[38;2;176;133;112mo[38;2;76;78;87m,[38;2;42;45;57m.[38;2;85;88;96m;[38;2;222;223;223mX[38;2;208;151;122mx[38;2;217;116;65moo[38;2;215;115;64mo[38;2;4;2;1m [38;2;0;0;0m [0m
[0m[38;2;0;0;0m [38;2;0;0;0m [38;2;191;102;57ml[38;2;217;116;65moo[38;2;217;116;65mo[38;2;211;127;85md[38;2;216;161;133mk[38;2;213;162;136mk[38;2;212;144;110mx[38;2;210;114;66mo[38;2;216;115;65mo[38;2;217;116;65moo[38;2;157;89;54m:[38;2;113;70;48m,[38;2;217;116;65mooo[38;2;217;116;65mo[38;2;210;128;87md[38;2;217;159;130mk[38;2;216;164;137mk[38;2;211;140;105mx[38;2;216;115;65mo[38;2;217;116;65mooo[38;2;24;13;7m [38;2;0;0;0m [0m
[0m[38;2;0;0;0m [38;2;0;0;0m [38;2;206;110;62mo[38;2;217;116;65mooooooo[38;2;203;108;61ml[38;2;217;116;65mo[38;2;217;116;65moo[38;2;216;115;65mo[38;2;181;98;56mc[38;2;217;116;65mooo[38;2;216;115;65mo[38;2;205;110;61ml[38;2;217;116;65mooooooo[38;2;34;18;10m [38;2;0;0;0m [0m
[0m[38;2;0;0;0m  [38;2;190;102;57mc[38;2;217;116;65mooooooo[38;2;210;112;63mo[38;2;195;103;61ml[38;2;182;93;60mc[38;2;180;92;59mc[38;2;188;98;60mc[38;2;197;104;61ml[38;2;184;95;60mc[38;2;184;95;60mc[38;2;188;97;60mc[38;2;198;105;61ml[38;2;216;116;65mo[38;2;217;116;65mooooooo[38;2;26;14;8m [38;2;0;0;0m [0m
[0m[38;2;0;0;0m  [38;2;151;81;45m;[38;2;217;116;65mooooooooo[38;2;218;117;65mo[38;2;217;116;65mo[38;2;217;116;65mooo[38;2;217;116;65mo[38;2;217;116;65mo[38;2;217;116;65mooooooooo[38;2;48;26;15m.[38;2;0;0;0m [0m
[0m[38;2;0;0;0m [38;2;6;3;2m [38;2;192;103;58ml[38;2;217;116;65moooooooooooooooooooooooo[38;2;214;114;64mo[38;2;154;83;46m:[38;2;0;0;0m [0m
[0m[38;2;0;0;0m [38;2;80;43;24m.[38;2;202;108;61ml[38;2;217;116;65moooooooooooooooooooooooo[38;2;201;108;60ml[38;2;217;116;65mo[38;2;4;2;1m [0m
[0m[38;2;0;0;0m [38;2;166;89;50m:[38;2;211;113;63mo[38;2;208;111;62mo[38;2;217;116;65moooooooo[38;2;217;116;65mo[38;2;215;115;64mo[38;2;217;116;65mooo[38;2;215;115;65mo[38;2;217;116;65moooooooo[38;2;211;113;63mo[38;2;207;111;62mo[38;2;217;116;65mo[38;2;15;8;4m [0m
[0m[38;2;0;0;0m [38;2;185;99;55mc[38;2;217;116;65mo[38;2;207;111;62mo[38;2;211;113;63mo[38;2;217;116;65mooooooo[38;2;186;97;59mc[38;2;143;66;56m;[38;2;154;73;58m;[38;2;158;76;58m;[38;2;157;75;58m;[38;2;152;73;56m;[38;2;209;112;63mo[38;2;217;116;65moooooo[38;2;212;114;64mo[38;2;205;110;61ml[38;2;217;116;65mo[38;2;217;116;65mo[38;2;5;3;2m [0m
[0m[38;2;0;0;0m [38;2;107;57;32m'[38;2;217;116;65moo[38;2;207;111;62mo[38;2;211;113;63mo[38;2;217;116;65mooooo[38;2;189;99;60mc[38;2;137;62;55m,[38;2;138;62;56m,,,,,[38;2;146;71;54m;[38;2;217;116;65mo[38;2;217;116;65moooo[38;2;212;114;64mo[38;2;205;110;62ml[38;2;217;116;65mo[38;2;217;116;65mo[38;2;136;73;41m;[38;2;1;1;1m [0m
[0m[38;2;0;0;0m [38;2;40;40;40m [38;2;186;96;59mc[38;2;200;104;63ml[38;2;193;100;62ml[38;2;169;85;58m:[38;2;204;108;62ml[38;2;217;116;65moooo[38;2;177;91;58mc[38;2;187;95;62mc[38;2;164;80;59m:[38;2;139;63;56m,[38;2;138;62;56m,,,[38;2;133;60;54m,[38;2;211;113;63mo[38;2;217;116;65mooo[38;2;209;111;63mo[38;2;178;91;59mc[38;2;195;101;62ml[38;2;195;101;63ml[38;2;190;97;62mc[38;2;3;1;1m [38;2;0;0;0m [0m
[0m[38;2;0;0;0m  [38;2;28;28;28m [38;2;65;29;27m.[38;2;138;62;56m,,[38;2;140;65;55m,[38;2;190;100;60ml[38;2;217;116;65mooo[38;2;171;87;57m:[38;2;208;110;64mo[38;2;199;104;63ml[38;2;156;74;58m;[38;2;138;62;56m,,,[38;2;139;62;56m,[38;2;196;105;60ml[38;2;217;116;65moo[38;2;218;117;65mo[38;2;143;68;54m;[38;2;138;62;56m,,[38;2;84;38;34m.[38;2;36;36;36m [38;2;0;0;0m  [0m
[0m[38;2;0;0;0m [38;2;3;2;1m [38;2;54;29;16m.[38;2;101;54;32m'[38;2;153;74;55m;[38;2;137;62;55m,[38;2;135;61;55m,[38;2;167;84;57m:[38;2;217;116;65mooo[38;2;48;24;16m.[38;2;45;45;45m [38;2;30;15;14m [38;2;40;28;29m.[38;2;36;27;28m.[38;2;49;31;31m.[38;2;8;4;3m [38;2;49;49;49m [38;2;176;94;53mc[38;2;217;116;65moo[38;2;190;100;60ml[38;2;134;60;54m,[38;2;138;63;55m,[38;2;158;79;54m:[38;2;107;57;33m'[38;2;60;32;18m.[38;2;7;4;2m [38;2;0;0;0m [0m
[0m[38;2;6;6;6m [38;2;72;34;27m.[38;2;172;87;58m:[38;2;209;112;63mo[38;2;53;28;16m.[38;2;106;106;106m [38;2;66;66;66m [38;2;69;36;22m.[38;2;170;86;58m:[38;2;172;87;58m:[38;2;172;92;52mc[38;2;34;34;34m [38;2;0;0;0m [38;2;4;4;4m [38;2;17;17;17m [38;2;18;18;18m [38;2;15;15;15m [38;2;0;0;0m [38;2;0;0;0m [38;2;97;97;97m [38;2;156;83;48m;[38;2;164;82;57m:[38;2;103;51;36m.[38;2;54;54;54m [38;2;87;87;87m [38;2;117;117;117m [38;2;73;39;22m.[38;2;163;81;56m:[38;2;102;50;37m'[38;2;15;15;15m [0m
[0m[38;2;0;0;0m [38;2;1;1;1m [38;2;5;5;5m [38;2;5;5;5m [38;2;0;0;0m [38;2;0;0;0m  [38;2;0;0;0m [38;2;5;5;5m [38;2;5;5;5m [38;2;4;4;4m [38;2;0;0;0m         [38;2;2;2;2m [38;2;3;3;3m [38;2;2;2;2m [38;2;0;0;0m   [38;2;0;0;0m [38;2;3;3;3m [38;2;0;0;0m [38;2;0;0;0m [0m
[0m[38;2;0;0;0m                              [0m
